6
1 8 0 5 6
1 6 5 0 8
5
2 8 0 5 7
2 8 0 4 7
2 5 5 0 8
3 7 5 0 8
4 6 4 0 8

0 0 0 0 0
4 5 3 1 7
10
0 0 0 0 1
0 0 0 0 9
0 0 0 1 0
0 0 0 9 0
0 0 1 0 0
0 0 9 0 0
0 1 0 0 0
0 9 0 0 0
1 0 0 0 0
9 0 0 0 0

4 1 2 3 4
4 1 2 3 4
2
5 9 8 7 6
5 5 4 3 2

3 0 0 9 9
3 2 0 9 9
2
3 1 0 9 9
3 9 0 9 9

2 1 1 1 1
2 9 9 9 9
1
3 0 0 0 0

2 2 2 2 2
0 0 0 0 0
31
0 0 0 0 1
0 0 0 1 0
0 0 0 1 1
0 0 1 0 0
0 0 1 0 1
0 0 1 1 0
0 0 1 1 1
0 1 0 0 0
0 1 0 0 1
0 1 0 1 0
0 1 0 1 1
0 1 1 0 0
0 1 1 0 1
0 1 1 1 0
0 1 1 1 1
1 0 0 0 0
1 0 0 0 1
1 0 0 1 0
1 0 0 1 1
1 0 1 0 0
1 0 1 0 1
1 0 1 1 0
1 0 1 1 1
1 1 0 0 0
1 1 0 0 1
1 1 0 1 0
1 1 0 1 1
1 1 1 0 0
1 1 1 0 1
1 1 1 1 0
1 1 1 1 1

